0.347691
0.293081
0.273183
0.339219
0.255284
0.261677
0.328857
0.281314
0.295242
0.313437
0.343702
0.261398
0.25574
0.311946
0.285719
0.330125
0.256874
0.332364
0.316948
0.271501
0.343218
0.299958
0.279417
0.279988
0.321089
0.288653
0.280314
0.341533
0.273995
0.299439
0.229347
0.254509
0.308442
0.292465
0.326698
0.250264
0.238516
0.277698
0.291717
0.310213
0.311252
0.317109
0.255381
0.235239
0.327731
0.293751
0.290552
0.301577
0.317669
0.327645
0.249463
0.27541
0.23075
0.333276
0.363201
0.290259
0.32324
0.252871
0.358313
0.265898
0.271966
0.306875
0.281328
0.316762
0.340825
0.311856
0.325593
0.348971
0.253023
0.302634
0.335689
0.347975
0.284112
0.279988
0.370996
0.263176
0.314209
0.426679
