#0.73 37120 5.992364
#0.75 41216 5.994374
#0.77 45824 5.992339
#0.78 48384 5.991086
#0.8 54272 5.993698
#0.82 61184 5.994999
#0.83 65024 5.992367
#0.85 74240 5.996120
#0.86 79616 5.997815
#0.875 88832 5.998241
#0.88 92160 5.995389
#0.89 99840 5.996454
#0.9 108800 5.999793
#0.91 119040 5.999709
#0.92 131072 5.998327
#0.93 145664 5.998008
#0.94 163840 5.999262
#0.95 186880 5.998407
0.96 217856 5.998655
0.97 262400 5.999270
0.975 293376 5.999231
0.98 334336 5.998927
0.985 392448 5.998883
0.99 485120 5.999354
0.993 577536 5.999437
