0.73 51200 5.993718
0.75 58112 5.994205
0.77 66304 5.993716
#0.78 71168 5.998107
#0.8 82176 5.999326
#0.82 95744 5.999285
#0.83 103680 5.997002
#0.85 123136 5.996497
#0.86 135168 5.997984
#0.875 156928 5.999370
#0.88 165376 5.999068
#0.89 184576 5.997582
#0.9 208128 5.999829
#0.91 236800 5.999666
#0.92 272896 5.999937
#0.93 319488 5.999753
#0.94 381952 5.999606
#0.95 469760 5.998996
0.96 602624 5.999915
0.97 824832 5.999822
0.975 1003264 5.999790
0.98 1271552 5.999677
0.985 1720064 5.999812
0.99 2619392 5.999930
0.993 3777792 5.999932
