#0.73 42752 5.997711
#0.75 48384 5.992444
#0.77 55296 5.995258
#0.78 59136 5.992348
#0.8 68352 5.995586
#0.82 79616 5.995005
#0.83 86528 5.999962
#0.85 102656 5.997328
#0.86 112640 5.997984
#0.875 130560 5.996106
#0.88 137728 5.997829
#0.89 153856 5.998136
#0.9 173312 5.998353
#0.91 197120 5.997504
#0.92 227328 5.999186
#0.93 266240 5.999753
#0.94 318208 5.999069
#0.95 391424 5.998778
#0.96 502016 5.999236
0.97 687360 5.999822
0.975 836096 5.999892
0.98 1059584 5.999596
#0.985 1433344 5.999753
0.99 2182656 5.999773
0.993 3148032 5.999851
