#0.73 184320 4.999698
#0.75 203008 4.999444
#0.77 225024 4.999932
#0.78 237312 4.998673
#0.8 265984 4.998898
#0.82 301056 4.999406
#0.83 321536 4.998922
#0.85 370944 4.999222
#0.86 400896 4.999223
#0.875 454912 4.999653
#0.88 475904 4.999758
#0.89 523520 4.999690
#0.9 580608 4.999504
#0.91 650496 4.999637
#0.92 737792 4.999650
#0.93 850176 4.999974
#0.94 999680 4.999749
#0.95 1209088 4.999692
#0.96 1523456 4.999939
#0.97 2046976 4.999857
#0.975 2466048 4.999998
#0.98 3094272 4.999937
0.985 4141568 4.999984
0.99 6235904 4.999968
0.993 8928768 4.999989
